chi== 0.00 0.0000 0.0000 0.0000 0.0000
chi== 0.01 0.0089 0.0000 0.0000 0.0000
chi== 0.02 0.0177 0.0002 0.0000 0.0000
chi== 0.03 0.0266 0.0004 0.0000 0.0000
chi== 0.04 0.0354 0.0008 0.0000 0.0000
chi== 0.05 0.0443 0.0012 0.0000 0.0000
chi== 0.06 0.0531 0.0018 0.0000 0.0000
chi== 0.07 0.0620 0.0024 0.0001 0.0000
chi== 0.08 0.0708 0.0032 0.0001 0.0000
chi== 0.09 0.0796 0.0040 0.0002 0.0000
chi== 0.10 0.0884 0.0050 0.0002 0.0000
chi== 0.11 0.0972 0.0060 0.0003 0.0000
chi== 0.12 0.1060 0.0072 0.0004 0.0000
chi== 0.13 0.1147 0.0084 0.0005 0.0000
chi== 0.14 0.1235 0.0097 0.0006 0.0000
chi== 0.15 0.1322 0.0112 0.0007 0.0000
chi== 0.16 0.1409 0.0127 0.0009 0.0001
chi== 0.17 0.1496 0.0143 0.0011 0.0001
chi== 0.18 0.1582 0.0160 0.0013 0.0001
chi== 0.19 0.1669 0.0178 0.0015 0.0001
chi== 0.20 0.1755 0.0197 0.0017 0.0001
chi== 0.21 0.1841 0.0217 0.0020 0.0002
chi== 0.22 0.1926 0.0238 0.0023 0.0002
chi== 0.23 0.2012 0.0260 0.0026 0.0002
chi== 0.24 0.2097 0.0283 0.0030 0.0003
chi== 0.25 0.2181 0.0306 0.0034 0.0003
chi== 0.26 0.2266 0.0331 0.0038 0.0004
chi== 0.27 0.2350 0.0356 0.0042 0.0004
chi== 0.28 0.2434 0.0382 0.0047 0.0005
chi== 0.29 0.2517 0.0409 0.0052 0.0006
chi== 0.30 0.2600 0.0437 0.0058 0.0007
chi== 0.31 0.2683 0.0465 0.0064 0.0007
chi== 0.32 0.2765 0.0495 0.0070 0.0008
chi== 0.33 0.2847 0.0525 0.0076 0.0009
chi== 0.34 0.2929 0.0556 0.0083 0.0011
chi== 0.35 0.3010 0.0588 0.0091 0.0012
chi== 0.36 0.3090 0.0621 0.0099 0.0013
chi== 0.37 0.3171 0.0654 0.0107 0.0015
chi== 0.38 0.3250 0.0688 0.0115 0.0016
chi== 0.39 0.3330 0.0723 0.0124 0.0018
chi== 0.40 0.3409 0.0759 0.0134 0.0020
chi== 0.41 0.3487 0.0795 0.0143 0.0022
chi== 0.42 0.3565 0.0832 0.0154 0.0024
chi== 0.43 0.3642 0.0870 0.0164 0.0026
chi== 0.44 0.3719 0.0908 0.0176 0.0029
chi== 0.45 0.3796 0.0947 0.0187 0.0032
chi== 0.46 0.3872 0.0987 0.0199 0.0034
chi== 0.47 0.3947 0.1027 0.0212 0.0037
chi== 0.48 0.4022 0.1068 0.0225 0.0040
chi== 0.49 0.4097 0.1110 0.0239 0.0044
chi== 0.50 0.4171 0.1152 0.0253 0.0047
chi== 0.51 0.4244 0.1195 0.0267 0.0051
chi== 0.52 0.4317 0.1238 0.0282 0.0055
chi== 0.53 0.4389 0.1282 0.0297 0.0059
chi== 0.54 0.4461 0.1326 0.0313 0.0063
chi== 0.55 0.4532 0.1371 0.0330 0.0068
chi== 0.56 0.4602 0.1416 0.0347 0.0072
chi== 0.57 0.4672 0.1462 0.0364 0.0077
chi== 0.58 0.4742 0.1508 0.0382 0.0083
chi== 0.59 0.4811 0.1555 0.0400 0.0088
chi== 0.60 0.4879 0.1602 0.0419 0.0094
chi== 0.61 0.4946 0.1650 0.0439 0.0100
chi== 0.62 0.5014 0.1698 0.0459 0.0106
chi== 0.63 0.5080 0.1746 0.0479 0.0112
chi== 0.64 0.5146 0.1795 0.0500 0.0119
chi== 0.65 0.5211 0.1844 0.0521 0.0126
chi== 0.66 0.5276 0.1893 0.0543 0.0133
chi== 0.67 0.5340 0.1943 0.0566 0.0141
chi== 0.68 0.5403 0.1993 0.0589 0.0149
chi== 0.69 0.5466 0.2044 0.0612 0.0157
chi== 0.70 0.5528 0.2094 0.0636 0.0165
chi== 0.71 0.5590 0.2145 0.0660 0.0174
chi== 0.72 0.5650 0.2197 0.0685 0.0183
chi== 0.73 0.5711 0.2248 0.0710 0.0192
chi== 0.74 0.5770 0.2300 0.0736 0.0202
chi== 0.75 0.5829 0.2352 0.0762 0.0212
chi== 0.76 0.5888 0.2404 0.0789 0.0222
chi== 0.77 0.5946 0.2456 0.0816 0.0233
chi== 0.78 0.6003 0.2509 0.0844 0.0244
chi== 0.79 0.6059 0.2561 0.0872 0.0255
chi== 0.80 0.6115 0.2614 0.0901 0.0266
chi== 0.81 0.6170 0.2667 0.0930 0.0278
chi== 0.82 0.6225 0.2720 0.0959 0.0290
chi== 0.83 0.6279 0.2773 0.0989 0.0303
chi== 0.84 0.6333 0.2826 0.1019 0.0316
chi== 0.85 0.6385 0.2879 0.1050 0.0329
chi== 0.86 0.6437 0.2933 0.1081 0.0343
chi== 0.87 0.6489 0.2986 0.1113 0.0357
chi== 0.88 0.6540 0.3040 0.1145 0.0371
chi== 0.89 0.6590 0.3093 0.1177 0.0386
chi== 0.90 0.6640 0.3146 0.1210 0.0401
chi== 0.91 0.6689 0.3200 0.1243 0.0416
chi== 0.92 0.6737 0.3253 0.1277 0.0432
chi== 0.93 0.6785 0.3307 0.1311 0.0448
chi== 0.94 0.6832 0.3360 0.1345 0.0464
chi== 0.95 0.6879 0.3413 0.1380 0.0481
chi== 0.96 0.6925 0.3467 0.1415 0.0498
chi== 0.97 0.6970 0.3520 0.1450 0.0515
chi== 0.98 0.7015 0.3573 0.1485 0.0533
chi== 0.99 0.7059 0.3626 0.1521 0.0551
chi== 1.00 0.7103 0.3679 0.1558 0.0570
chi== 1.01 0.7146 0.3732 0.1594 0.0588
chi== 1.02 0.7188 0.3784 0.1631 0.0608
chi== 1.03 0.7230 0.3837 0.1668 0.0627
chi== 1.04 0.7271 0.3889 0.1706 0.0647
chi== 1.05 0.7312 0.3941 0.1744 0.0667
chi== 1.06 0.7352 0.3993 0.1782 0.0688
chi== 1.07 0.7392 0.4045 0.1820 0.0709
chi== 1.08 0.7431 0.4097 0.1858 0.0730
chi== 1.09 0.7469 0.4149 0.1897 0.0752
chi== 1.10 0.7507 0.4200 0.1936 0.0774
chi== 1.11 0.7544 0.4251 0.1975 0.0796
chi== 1.12 0.7581 0.4302 0.2015 0.0819
chi== 1.13 0.7617 0.4353 0.2055 0.0842
chi== 1.14 0.7653 0.4403 0.2094 0.0865
chi== 1.15 0.7688 0.4453 0.2134 0.0888
chi== 1.16 0.7723 0.4503 0.2175 0.0912
chi== 1.17 0.7757 0.4553 0.2215 0.0937
chi== 1.18 0.7791 0.4603 0.2256 0.0961
chi== 1.19 0.7824 0.4652 0.2296 0.0986
chi== 1.20 0.7856 0.4701 0.2337 0.1011
chi== 1.21 0.7888 0.4750 0.2378 0.1037
chi== 1.22 0.7920 0.4798 0.2419 0.1062
chi== 1.23 0.7951 0.4846 0.2460 0.1089
chi== 1.24 0.7982 0.4894 0.2502 0.1115
chi== 1.25 0.8012 0.4942 0.2543 0.1142
chi== 1.26 0.8042 0.4989 0.2585 0.1169
chi== 1.27 0.8071 0.5036 0.2626 0.1196
chi== 1.28 0.8100 0.5082 0.2668 0.1223
chi== 1.29 0.8128 0.5129 0.2710 0.1251
chi== 1.30 0.8156 0.5175 0.2752 0.1279
chi== 1.31 0.8183 0.5220 0.2794 0.1307
chi== 1.32 0.8210 0.5266 0.2836 0.1336
chi== 1.33 0.8237 0.5311 0.2878 0.1365
chi== 1.34 0.8263 0.5355 0.2920 0.1394
chi== 1.35 0.8288 0.5400 0.2962 0.1423
chi== 1.36 0.8314 0.5444 0.3004 0.1453
chi== 1.37 0.8338 0.5488 0.3046 0.1482
chi== 1.38 0.8363 0.5531 0.3088 0.1512
chi== 1.39 0.8387 0.5574 0.3130 0.1543
chi== 1.40 0.8410 0.5617 0.3172 0.1573
chi== 1.41 0.8434 0.5659 0.3214 0.1604
chi== 1.42 0.8456 0.5701 0.3256 0.1634
chi== 1.43 0.8479 0.5743 0.3298 0.1666
chi== 1.44 0.8501 0.5784 0.3340 0.1697
chi== 1.45 0.8523 0.5825 0.3382 0.1728
chi== 1.46 0.8544 0.5865 0.3424 0.1760
chi== 1.47 0.8565 0.5906 0.3465 0.1792
chi== 1.48 0.8585 0.5945 0.3507 0.1824
chi== 1.49 0.8606 0.5985 0.3549 0.1856
chi== 1.50 0.8626 0.6024 0.3590 0.1888
chi== 1.51 0.8645 0.6063 0.3632 0.1920
chi== 1.52 0.8664 0.6101 0.3673 0.1953
chi== 1.53 0.8683 0.6139 0.3714 0.1986
chi== 1.54 0.8702 0.6177 0.3755 0.2019
chi== 1.55 0.8720 0.6214 0.3796 0.2052
chi== 1.56 0.8738 0.6251 0.3837 0.2085
chi== 1.57 0.8756 0.6288 0.3878 0.2118
chi== 1.58 0.8773 0.6324 0.3919 0.2151
chi== 1.59 0.8790 0.6360 0.3959 0.2185
chi== 1.60 0.8807 0.6396 0.4000 0.2219
chi== 1.61 0.8823 0.6431 0.4040 0.2252
chi== 1.62 0.8839 0.6466 0.4080 0.2286
chi== 1.63 0.8855 0.6500 0.4120 0.2320
chi== 1.64 0.8871 0.6534 0.4160 0.2354
chi== 1.65 0.8886 0.6568 0.4200 0.2388
chi== 1.66 0.8901 0.6602 0.4239 0.2422
chi== 1.67 0.8916 0.6635 0.4279 0.2456
chi== 1.68 0.8931 0.6668 0.4318 0.2490
chi== 1.69 0.8945 0.6700 0.4357 0.2525
chi== 1.70 0.8959 0.6732 0.4396 0.2559
chi== 1.71 0.8973 0.6764 0.4435 0.2594
chi== 1.72 0.8986 0.6795 0.4473 0.2628
chi== 1.73 0.9000 0.6826 0.4511 0.2662
chi== 1.74 0.9013 0.6857 0.4550 0.2697
chi== 1.75 0.9026 0.6887 0.4588 0.2731
chi== 1.76 0.9038 0.6917 0.4625 0.2766
chi== 1.77 0.9051 0.6947 0.4663 0.2801
chi== 1.78 0.9063 0.6977 0.4700 0.2835
chi== 1.79 0.9075 0.7006 0.4737 0.2870
chi== 1.80 0.9087 0.7034 0.4774 0.2904
chi== 1.81 0.9098 0.7063 0.4811 0.2939
chi== 1.82 0.9109 0.7091 0.4848 0.2973
chi== 1.83 0.9121 0.7119 0.4884 0.3008
chi== 1.84 0.9132 0.7146 0.4920 0.3043
chi== 1.85 0.9142 0.7174 0.4956 0.3077
chi== 1.86 0.9153 0.7200 0.4992 0.3112
chi== 1.87 0.9163 0.7227 0.5027 0.3146
chi== 1.88 0.9174 0.7253 0.5062 0.3181
chi== 1.89 0.9184 0.7279 0.5098 0.3215
chi== 1.90 0.9194 0.7305 0.5132 0.3249
chi== 1.91 0.9203 0.7330 0.5167 0.3284
chi== 1.92 0.9213 0.7355 0.5201 0.3318
chi== 1.93 0.9222 0.7380 0.5235 0.3352
chi== 1.94 0.9232 0.7405 0.5269 0.3386
chi== 1.95 0.9241 0.7429 0.5303 0.3420
chi== 1.96 0.9250 0.7453 0.5337 0.3454
chi== 1.97 0.9258 0.7476 0.5370 0.3488
chi== 1.98 0.9267 0.7500 0.5403 0.3522
chi== 1.99 0.9275 0.7523 0.5436 0.3556
chi== 2.00 0.9284 0.7546 0.5468 0.3590
chi== 2.01 0.9292 0.7568 0.5500 0.3623
chi== 2.02 0.9300 0.7591 0.5533 0.3657
chi== 2.03 0.9308 0.7613 0.5564 0.3690
chi== 2.04 0.9316 0.7635 0.5596 0.3724
chi== 2.05 0.9323 0.7656 0.5628 0.3757
chi== 2.06 0.9331 0.7677 0.5659 0.3790
chi== 2.07 0.9338 0.7698 0.5690 0.3823
chi== 2.08 0.9346 0.7719 0.5720 0.3857
chi== 2.09 0.9353 0.7740 0.5751 0.3889
chi== 2.10 0.9360 0.7760 0.5781 0.3922
chi== 2.11 0.9367 0.7780 0.5811 0.3955
chi== 2.12 0.9374 0.7800 0.5841 0.3987
chi== 2.13 0.9380 0.7819 0.5870 0.4020
chi== 2.14 0.9387 0.7839 0.5900 0.4052
chi== 2.15 0.9393 0.7858 0.5929 0.4085
chi== 2.16 0.9400 0.7877 0.5958 0.4117
chi== 2.17 0.9406 0.7896 0.5986 0.4149
chi== 2.18 0.9412 0.7914 0.6015 0.4181
chi== 2.19 0.9418 0.7932 0.6043 0.4212
chi== 2.20 0.9424 0.7950 0.6071 0.4244
chi== 2.21 0.9430 0.7968 0.6099 0.4275
chi== 2.22 0.9436 0.7986 0.6126 0.4307
chi== 2.23 0.9442 0.8003 0.6154 0.4338
chi== 2.24 0.9447 0.8020 0.6181 0.4369
chi== 2.25 0.9453 0.8037 0.6208 0.4400
chi== 2.26 0.9458 0.8054 0.6234 0.4431
chi== 2.27 0.9464 0.8071 0.6261 0.4462
chi== 2.28 0.9469 0.8087 0.6287 0.4492
chi== 2.29 0.9474 0.8103 0.6313 0.4523
chi== 2.30 0.9479 0.8119 0.6339 0.4553
chi== 2.31 0.9485 0.8135 0.6364 0.4583
chi== 2.32 0.9490 0.8151 0.6390 0.4613
chi== 2.33 0.9494 0.8166 0.6415 0.4643
chi== 2.34 0.9499 0.8181 0.6440 0.4672
chi== 2.35 0.9504 0.8196 0.6464 0.4702
chi== 2.36 0.9509 0.8211 0.6489 0.4731
chi== 2.37 0.9513 0.8226 0.6513 0.4761
chi== 2.38 0.9518 0.8241 0.6537 0.4790
chi== 2.39 0.9522 0.8255 0.6561 0.4819
chi== 2.40 0.9527 0.8269 0.6585 0.4847
chi== 2.41 0.9531 0.8283 0.6608 0.4876
chi== 2.42 0.9535 0.8297 0.6632 0.4904
chi== 2.43 0.9540 0.8311 0.6655 0.4933
chi== 2.44 0.9544 0.8325 0.6678 0.4961
chi== 2.45 0.9548 0.8338 0.6700 0.4989
chi== 2.46 0.9552 0.8351 0.6723 0.5017
chi== 2.47 0.9556 0.8365 0.6745 0.5045
chi== 2.48 0.9560 0.8378 0.6767 0.5072
chi== 2.49 0.9564 0.8390 0.6789 0.5100
chi== 2.50 0.9568 0.8403 0.6811 0.5127
chi== 2.51 0.9572 0.8416 0.6833 0.5154
chi== 2.52 0.9575 0.8428 0.6854 0.5181
chi== 2.53 0.9579 0.8440 0.6875 0.5208
chi== 2.54 0.9583 0.8452 0.6896 0.5234
chi== 2.55 0.9586 0.8464 0.6917 0.5261
chi== 2.56 0.9590 0.8476 0.6938 0.5287
chi== 2.57 0.9593 0.8488 0.6958 0.5313
chi== 2.58 0.9597 0.8500 0.6978 0.5339
chi== 2.59 0.9600 0.8511 0.6998 0.5365
chi== 2.60 0.9603 0.8522 0.7018 0.5391
chi== 2.61 0.9607 0.8534 0.7038 0.5416
chi== 2.62 0.9610 0.8545 0.7058 0.5442
chi== 2.63 0.9613 0.8556 0.7077 0.5467
chi== 2.64 0.9616 0.8567 0.7096 0.5492
chi== 2.65 0.9619 0.8577 0.7115 0.5517
chi== 2.66 0.9623 0.8588 0.7134 0.5542
chi== 2.67 0.9626 0.8598 0.7153 0.5566
chi== 2.68 0.9629 0.8609 0.7172 0.5591
chi== 2.69 0.9632 0.8619 0.7190 0.5615
chi== 2.70 0.9635 0.8629 0.7208 0.5639
chi== 2.71 0.9638 0.8639 0.7226 0.5663
chi== 2.72 0.9640 0.8649 0.7244 0.5687
chi== 2.73 0.9643 0.8659 0.7262 0.5711
chi== 2.74 0.9646 0.8669 0.7280 0.5735
chi== 2.75 0.9649 0.8678 0.7297 0.5758
chi== 2.76 0.9652 0.8688 0.7315 0.5781
chi== 2.77 0.9654 0.8697 0.7332 0.5804
chi== 2.78 0.9657 0.8707 0.7349 0.5827
chi== 2.79 0.9660 0.8716 0.7366 0.5850
chi== 2.80 0.9662 0.8725 0.7382 0.5873
chi== 2.81 0.9665 0.8734 0.7399 0.5895
chi== 2.82 0.9667 0.8743 0.7415 0.5918
chi== 2.83 0.9670 0.8752 0.7432 0.5940
chi== 2.84 0.9672 0.8761 0.7448 0.5962
chi== 2.85 0.9675 0.8769 0.7464 0.5984
chi== 2.86 0.9677 0.8778 0.7480 0.6006
chi== 2.87 0.9680 0.8786 0.7495 0.6027
chi== 2.88 0.9682 0.8795 0.7511 0.6049
chi== 2.89 0.9684 0.8803 0.7527 0.6070
chi== 2.90 0.9687 0.8811 0.7542 0.6091
chi== 2.91 0.9689 0.8819 0.7557 0.6112
chi== 2.92 0.9691 0.8827 0.7572 0.6133
chi== 2.93 0.9693 0.8835 0.7587 0.6154
chi== 2.94 0.9696 0.8843 0.7602 0.6175
chi== 2.95 0.9698 0.8851 0.7617 0.6195
chi== 2.96 0.9700 0.8859 0.7631 0.6216
chi== 2.97 0.9702 0.8866 0.7646 0.6236
chi== 2.98 0.9704 0.8874 0.7660 0.6256
chi== 2.99 0.9706 0.8882 0.7674 0.6276
chi== 3.00 0.9708 0.8889 0.7688 0.6296
chi== 3.01 0.9710 0.8896 0.7702 0.6316
chi== 3.02 0.9712 0.8904 0.7716 0.6335
chi== 3.03 0.9714 0.8911 0.7730 0.6355
chi== 3.04 0.9716 0.8918 0.7743 0.6374
chi== 3.05 0.9718 0.8925 0.7757 0.6393
chi== 3.06 0.9720 0.8932 0.7770 0.6412
chi== 3.07 0.9722 0.8939 0.7784 0.6431
chi== 3.08 0.9724 0.8946 0.7797 0.6450
chi== 3.09 0.9726 0.8953 0.7810 0.6469
chi== 3.10 0.9728 0.8959 0.7823 0.6487
chi== 3.11 0.9730 0.8966 0.7836 0.6506
chi== 3.12 0.9732 0.8973 0.7848 0.6524
chi== 3.13 0.9733 0.8979 0.7861 0.6542
chi== 3.14 0.9735 0.8986 0.7873 0.6560
chi== 3.15 0.9737 0.8992 0.7886 0.6578
chi== 3.16 0.9739 0.8999 0.7898 0.6596
chi== 3.17 0.9740 0.9005 0.7910 0.6614
chi== 3.18 0.9742 0.9011 0.7922 0.6631
chi== 3.19 0.9744 0.9017 0.7934 0.6649
chi== 3.20 0.9745 0.9023 0.7946 0.6666
chi== 3.21 0.9747 0.9030 0.7958 0.6683
chi== 3.22 0.9749 0.9036 0.7970 0.6700
chi== 3.23 0.9750 0.9042 0.7981 0.6717
chi== 3.24 0.9752 0.9047 0.7993 0.6734
chi== 3.25 0.9754 0.9053 0.8004 0.6751
chi== 3.26 0.9755 0.9059 0.8016 0.6767
chi== 3.27 0.9757 0.9065 0.8027 0.6784
chi== 3.28 0.9758 0.9071 0.8038 0.6800
chi== 3.29 0.9760 0.9076 0.8049 0.6817
chi== 3.30 0.9761 0.9082 0.8060 0.6833
chi== 3.31 0.9763 0.9087 0.8071 0.6849
chi== 3.32 0.9764 0.9093 0.8082 0.6865
chi== 3.33 0.9766 0.9098 0.8093 0.6881
chi== 3.34 0.9767 0.9104 0.8103 0.6896
chi== 3.35 0.9769 0.9109 0.8114 0.6912
chi== 3.36 0.9770 0.9114 0.8124 0.6928
chi== 3.37 0.9772 0.9119 0.8135 0.6943
chi== 3.38 0.9773 0.9125 0.8145 0.6958
chi== 3.39 0.9774 0.9130 0.8155 0.6974
chi== 3.40 0.9776 0.9135 0.8165 0.6989
chi== 3.41 0.9777 0.9140 0.8175 0.7004
chi== 3.42 0.9778 0.9145 0.8185 0.7019
chi== 3.43 0.9780 0.9150 0.8195 0.7034
chi== 3.44 0.9781 0.9155 0.8205 0.7048
chi== 3.45 0.9782 0.9160 0.8215 0.7063
chi== 3.46 0.9784 0.9165 0.8224 0.7077
chi== 3.47 0.9785 0.9170 0.8234 0.7092
chi== 3.48 0.9786 0.9174 0.8243 0.7106
chi== 3.49 0.9788 0.9179 0.8253 0.7120
chi== 3.50 0.9789 0.9184 0.8262 0.7135
chi== 3.51 0.9790 0.9188 0.8272 0.7149
chi== 3.52 0.9791 0.9193 0.8281 0.7163
chi== 3.53 0.9793 0.9197 0.8290 0.7176
chi== 3.54 0.9794 0.9202 0.8299 0.7190
chi== 3.55 0.9795 0.9207 0.8308 0.7204
chi== 3.56 0.9796 0.9211 0.8317 0.7217
chi== 3.57 0.9797 0.9215 0.8326 0.7231
chi== 3.58 0.9799 0.9220 0.8335 0.7244
chi== 3.59 0.9800 0.9224 0.8343 0.7258
chi== 3.60 0.9801 0.9228 0.8352 0.7271
chi== 3.61 0.9802 0.9233 0.8361 0.7284
chi== 3.62 0.9803 0.9237 0.8369 0.7297
chi== 3.63 0.9804 0.9241 0.8378 0.7310
chi== 3.64 0.9805 0.9245 0.8386 0.7323
chi== 3.65 0.9806 0.9249 0.8394 0.7336
chi== 3.66 0.9808 0.9253 0.8403 0.7348
chi== 3.67 0.9809 0.9258 0.8411 0.7361
chi== 3.68 0.9810 0.9262 0.8419 0.7373
chi== 3.69 0.9811 0.9266 0.8427 0.7386
chi== 3.70 0.9812 0.9270 0.8435 0.7398
chi== 3.71 0.9813 0.9273 0.8443 0.7411
chi== 3.72 0.9814 0.9277 0.8451 0.7423
chi== 3.73 0.9815 0.9281 0.8459 0.7435
chi== 3.74 0.9816 0.9285 0.8467 0.7447
chi== 3.75 0.9817 0.9289 0.8475 0.7459
chi== 3.76 0.9818 0.9293 0.8482 0.7471
chi== 3.77 0.9819 0.9296 0.8490 0.7483
chi== 3.78 0.9820 0.9300 0.8497 0.7494
chi== 3.79 0.9821 0.9304 0.8505 0.7506
chi== 3.80 0.9822 0.9307 0.8512 0.7518
chi== 3.81 0.9823 0.9311 0.8520 0.7529
chi== 3.82 0.9824 0.9315 0.8527 0.7541
chi== 3.83 0.9825 0.9318 0.8534 0.7552
chi== 3.84 0.9826 0.9322 0.8542 0.7563
chi== 3.85 0.9827 0.9325 0.8549 0.7574
chi== 3.86 0.9828 0.9329 0.8556 0.7586
chi== 3.87 0.9828 0.9332 0.8563 0.7597
chi== 3.88 0.9829 0.9336 0.8570 0.7608
chi== 3.89 0.9830 0.9339 0.8577 0.7619
chi== 3.90 0.9831 0.9343 0.8584 0.7630
chi== 3.91 0.9832 0.9346 0.8591 0.7640
chi== 3.92 0.9833 0.9349 0.8598 0.7651
chi== 3.93 0.9834 0.9353 0.8605 0.7662
chi== 3.94 0.9835 0.9356 0.8611 0.7672
chi== 3.95 0.9836 0.9359 0.8618 0.7683
chi== 3.96 0.9836 0.9362 0.8625 0.7693
chi== 3.97 0.9837 0.9366 0.8631 0.7704
chi== 3.98 0.9838 0.9369 0.8638 0.7714
chi== 3.99 0.9839 0.9372 0.8644 0.7724
chi== 4.00 0.9840 0.9375 0.8651 0.7734
chi== 4.01 0.9841 0.9378 0.8657 0.7744
chi== 4.02 0.9841 0.9381 0.8664 0.7755
chi== 4.03 0.9842 0.9384 0.8670 0.7765
chi== 4.04 0.9843 0.9387 0.8676 0.7774
chi== 4.05 0.9844 0.9390 0.8683 0.7784
chi== 4.06 0.9845 0.9393 0.8689 0.7794
chi== 4.07 0.9845 0.9396 0.8695 0.7804
chi== 4.08 0.9846 0.9399 0.8701 0.7814
chi== 4.09 0.9847 0.9402 0.8707 0.7823
chi== 4.10 0.9848 0.9405 0.8713 0.7833
chi== 4.11 0.9848 0.9408 0.8719 0.7842
chi== 4.12 0.9849 0.9411 0.8725 0.7852
chi== 4.13 0.9850 0.9414 0.8731 0.7861
chi== 4.14 0.9851 0.9417 0.8737 0.7870
chi== 4.15 0.9851 0.9419 0.8743 0.7880
chi== 4.16 0.9852 0.9422 0.8749 0.7889
chi== 4.17 0.9853 0.9425 0.8754 0.7898
chi== 4.18 0.9854 0.9428 0.8760 0.7907
chi== 4.19 0.9854 0.9430 0.8766 0.7916
chi== 4.20 0.9855 0.9433 0.8771 0.7925
chi== 4.21 0.9856 0.9436 0.8777 0.7934
chi== 4.22 0.9856 0.9438 0.8783 0.7943
chi== 4.23 0.9857 0.9441 0.8788 0.7952
chi== 4.24 0.9858 0.9444 0.8794 0.7961
chi== 4.25 0.9858 0.9446 0.8799 0.7969
chi== 4.26 0.9859 0.9449 0.8804 0.7978
chi== 4.27 0.9860 0.9452 0.8810 0.7987
chi== 4.28 0.9861 0.9454 0.8815 0.7995
chi== 4.29 0.9861 0.9457 0.8820 0.8004
chi== 4.30 0.9862 0.9459 0.8826 0.8012
chi== 4.31 0.9862 0.9462 0.8831 0.8021
chi== 4.32 0.9863 0.9464 0.8836 0.8029
chi== 4.33 0.9864 0.9467 0.8841 0.8037
chi== 4.34 0.9864 0.9469 0.8846 0.8045
chi== 4.35 0.9865 0.9472 0.8852 0.8054
chi== 4.36 0.9866 0.9474 0.8857 0.8062
chi== 4.37 0.9866 0.9476 0.8862 0.8070
chi== 4.38 0.9867 0.9479 0.8867 0.8078
chi== 4.39 0.9868 0.9481 0.8872 0.8086
chi== 4.40 0.9868 0.9483 0.8877 0.8094
chi== 4.41 0.9869 0.9486 0.8881 0.8102
chi== 4.42 0.9869 0.9488 0.8886 0.8110
chi== 4.43 0.9870 0.9490 0.8891 0.8118
chi== 4.44 0.9871 0.9493 0.8896 0.8125
chi== 4.45 0.9871 0.9495 0.8901 0.8133
chi== 4.46 0.9872 0.9497 0.8906 0.8141
chi== 4.47 0.9872 0.9500 0.8910 0.8148
chi== 4.48 0.9873 0.9502 0.8915 0.8156
chi== 4.49 0.9874 0.9504 0.8920 0.8164
chi== 4.50 0.9874 0.9506 0.8924 0.8171
chi== 4.51 0.9875 0.9508 0.8929 0.8178
chi== 4.52 0.9875 0.9511 0.8933 0.8186
chi== 4.53 0.9876 0.9513 0.8938 0.8193
chi== 4.54 0.9876 0.9515 0.8943 0.8201
chi== 4.55 0.9877 0.9517 0.8947 0.8208
chi== 4.56 0.9877 0.9519 0.8951 0.8215
chi== 4.57 0.9878 0.9521 0.8956 0.8222
chi== 4.58 0.9879 0.9523 0.8960 0.8229
chi== 4.59 0.9879 0.9525 0.8965 0.8237
chi== 4.60 0.9880 0.9527 0.8969 0.8244
chi== 4.61 0.9880 0.9529 0.8973 0.8251
chi== 4.62 0.9881 0.9531 0.8978 0.8258
chi== 4.63 0.9881 0.9534 0.8982 0.8265
chi== 4.64 0.9882 0.9536 0.8986 0.8272
chi== 4.65 0.9882 0.9538 0.8990 0.8278
chi== 4.66 0.9883 0.9540 0.8995 0.8285
chi== 4.67 0.9883 0.9541 0.8999 0.8292
chi== 4.68 0.9884 0.9543 0.9003 0.8299
chi== 4.69 0.9884 0.9545 0.9007 0.8306
chi== 4.70 0.9885 0.9547 0.9011 0.8312
chi== 4.71 0.9885 0.9549 0.9015 0.8319
chi== 4.72 0.9886 0.9551 0.9019 0.8325
chi== 4.73 0.9886 0.9553 0.9023 0.8332
chi== 4.74 0.9887 0.9555 0.9027 0.8339
chi== 4.75 0.9887 0.9557 0.9031 0.8345
chi== 4.76 0.9888 0.9559 0.9035 0.8351
chi== 4.77 0.9888 0.9560 0.9039 0.8358
chi== 4.78 0.9889 0.9562 0.9043 0.8364
chi== 4.79 0.9889 0.9564 0.9047 0.8371
chi== 4.80 0.9890 0.9566 0.9051 0.8377
chi== 4.81 0.9890 0.9568 0.9054 0.8383
chi== 4.82 0.9891 0.9570 0.9058 0.8389
chi== 4.83 0.9891 0.9571 0.9062 0.8396
chi== 4.84 0.9891 0.9573 0.9066 0.8402
chi== 4.85 0.9892 0.9575 0.9070 0.8408
chi== 4.86 0.9892 0.9577 0.9073 0.8414
chi== 4.87 0.9893 0.9578 0.9077 0.8420
chi== 4.88 0.9893 0.9580 0.9081 0.8426
chi== 4.89 0.9894 0.9582 0.9084 0.8432
chi== 4.90 0.9894 0.9584 0.9088 0.8438
chi== 4.91 0.9895 0.9585 0.9092 0.8444
chi== 4.92 0.9895 0.9587 0.9095 0.8450
chi== 4.93 0.9895 0.9589 0.9099 0.8456
chi== 4.94 0.9896 0.9590 0.9102 0.8462
chi== 4.95 0.9896 0.9592 0.9106 0.8467
chi== 4.96 0.9897 0.9594 0.9109 0.8473
chi== 4.97 0.9897 0.9595 0.9113 0.8479
chi== 4.98 0.9898 0.9597 0.9116 0.8485
chi== 4.99 0.9898 0.9598 0.9120 0.8490
chi== 5.00 0.9898 0.9600 0.9123 0.8496
